1000
85 73 67
69 18 21
100 1 1
23 76 96
75 33 74
23 35 44
40 9 35
75 18 15
37 87 64
77 97 48
92 10 71
13 68 39
61 65 100
22 84 76
83 88 33
76 58 19
22 97 31
44 62 13
35 35 60
81 88 84
85 2 99
61 11 61
60 81 83
38 20 36
74 77 38
54 84 77
17 55 29
93 79 38
84 63 23
80 15 95
100 89 96
82 32 14
70 16 5
90 37 82
12 7 78
65 77 35
9 67 78
49 79 11
91 47 20
0 55 55
20 24 95
92 67 54
99 10 38
11 45 47
53 5 47
6 74 32
52 96 17
83 45 78
58 36 22
19 23 85
31 20 6
91 2 82
21 61 42
47 52 75
54 13 86
15 27 85
84 90 1
4 45 66
8 92 17
52 91 16
44 5 97
93 91 57
73 81 29
84 38 75
61 29 41
4 17 11
73 41 26
41 48 10
38 87 35
34 14 7
70 91 100
19 67 40
95 23 15
81 30 41
47 68 48
57 27 68
100 27 67
78 22 46
47 12 95
44 88 41
1 74 53
45 58 33
6 74 68
19 95 1
67 48 15
82 79 96
61 30 32
61 88 67
31 37 19
63 42 23
16 86 48
64 70 73
78 92 39
25 61 69
72 96 80
87 57 12
80 2 41
86 92 88
35 45 55
73 5 80
97 44 60
45 3 87
74 73 98
63 53 74
36 12 28
23 65 87
19 25 7
73 32 97
78 71 68
31 90 6
94 11 37
4 87 25
86 41 9
56 65 95
88 5 55
66 89 30
31 83 25
5 42 25
32 81 7
33 36 11
67 95 83
67 94 53
95 82 27
100 35 40
51 57 31
50 58 100
39 62 100
59 30 79
1 13 64
66 25 14
89 37 94
23 68 11
95 24 55
67 45 63
60 57 42
25 55 35
69 77 100
59 83 100
88 76 98
21 52 78
27 65 77
34 78 21
47 25 9
96 10 58
17 43 82
82 42 37
62 57 13
28 43 83
36 60 91
90 77 46
30 64 33
6 90 18
73 6 68
26 91 40
63 5 13
85 71 33
79 4 33
91 61 19
68 31 60
21 94 36
57 41 42
54 8 62
89 21 73
82 77 39
35 55 63
25 43 87
96 80 66
31 40 41
43 19 26
82 98 10
35 62 33
33 61 4
23 79 47
75 56 53
44 52 32
92 7 98
17 26 74
41 97 68
79 69 11
3 66 73
80 33 25
98 96 13
59 22 76
43 97 35
79 70 92
4 8 40
76 23 47
44 31 91
0 54 4
91 35 47
11 32 65
54 86 32
18 69 54
48 100 7
80 78 67
67 12 75
3 75 98
5 98 52
47 92 81
14 89 2
62 17 11
91 5 25
7 52 33
34 21 80
6 45 79
94 41 86
30 17 52
33 44 96
86 7 52
87 28 17
95 20 58
40 87 59
20 62 88
67 14 93
13 82 4
50 69 97
20 73 83
7 29 86
95 11 94
24 29 11
100 61 33
71 75 75
87 37 39
4 11 83
90 24 63
9 67 98
99 95 91
85 86 56
46 54 18
29 2 60
27 23 13
34 5 87
98 85 38
42 33 8
86 23 47
42 67 14
32 68 96
85 13 84
73 7 6
97 10 17
1 73 59
83 53 23
71 8 8
0 20 21
32 47 87
51 39 32
91 83 54
65 89 98
34 92 69
97 40 88
19 7 99
79 94 60
52 90 42
100 31 47
89 84 47
42 58 87
48 21 33
23 100 5
72 53 57
15 48 19
22 95 30
86 22 44
94 6 97
64 76 28
78 21 43
38 42 11
43 41 16
11 73 54
61 18 70
5 4 81
60 87 90
52 69 42
19 13 36
8 67 44
80 32 67
96 28 17
75 97 39
31 15 100
45 4 63
91 25 16
39 39 55
28 12 87
55 48 15
99 62 71
99 13 4
23 58 58
23 8 13
56 92 59
32 96 39
90 78 19
13 64 55
21 60 67
53 70 66
60 86 100
56 61 7
81 14 29
78 56 13
37 59 59
42 67 86
56 22 38
33 35 34
4 99 34
52 79 95
27 56 28
65 69 32
87 81 48
77 46 98
82 2 69
82 28 71
8 90 85
23 74 80
37 33 18
74 35 91
46 18 82
7 38 80
51 16 84
75 63 74
16 58 42
36 65 62
50 96 59
1 42 57
20 2 14
29 23 13
71 28 4
83 56 97
74 32 16
91 77 63
33 69 55
37 3 58
34 38 11
100 6 94
60 98 27
76 82 99
51 26 61
44 7 12
57 48 78
47 1 94
45 19 56
25 63 58
53 92 12
70 72 24
32 67 10
6 37 12
22 28 37
0 42 24
77 76 20
31 46 91
38 68 94
100 91 18
30 25 5
1 94 5
56 84 29
8 7 32
13 21 19
30 44 90
5 34 58
71 28 11
35 72 76
95 52 21
90 76 61
77 18 99
29 75 87
55 99 81
96 74 56
85 85 71
35 73 75
50 22 62
100 45 18
81 79 13
84 63 8
61 55 7
87 66 72
49 43 41
65 70 12
11 72 92
47 85 3
46 60 87
90 69 60
93 62 88
52 22 97
67 53 15
48 64 69
85 85 34
25 2 9
12 98 95
98 100 65
67 67 62
73 100 14
48 19 14
10 5 43
15 74 4
98 57 37
20 98 70
51 46 69
43 30 26
77 21 90
40 5 31
67 89 59
62 46 8
90 70 34
57 75 37
53 86 23
56 30 6
28 100 1
99 99 99
93 94 28
71 87 7
46 74 16
61 53 3
16 81 80
37 65 24
97 58 73
80 46 30
57 75 18
17 24 45
37 56 98
45 39 23
68 23 92
16 20 69
54 70 59
79 31 94
46 100 80
97 87 65
77 83 58
6 54 76
29 11 42
41 67 73
74 76 22
37 17 62
42 65 78
42 35 78
45 83 96
71 86 34
44 68 69
43 89 76
23 17 75
95 21 59
37 87 8
34 99 40
77 75 10
75 9 23
20 14 88
19 41 36
23 66 83
43 86 20
90 67 82
60 100 78
28 81 52
64 81 11
94 29 22
51 34 61
10 9 17
13 99 9
44 52 32
97 88 98
51 72 5
75 68 11
32 98 7
95 62 96
79 46 84
47 27 8
4 1 83
0 99 43
65 83 43
100 89 79
56 82 23
31 9 89
72 17 12
1 12 64
89 48 41
48 86 21
26 63 84
72 84 72
3 38 18
7 84 22
31 3 8
26 92 27
74 35 78
43 9 84
13 17 1
48 62 3
27 23 72
33 84 61
79 20 6
43 99 74
75 30 25
16 35 59
14 58 26
47 66 68
77 65 16
70 59 36
42 12 84
2 59 23
1 23 57
42 7 15
84 48 1
32 71 93
36 22 35
47 2 34
52 37 89
28 58 46
94 53 82
80 22 42
74 86 67
39 81 80
74 98 45
17 53 33
39 85 37
49 60 88
52 68 7
53 80 34
53 61 85
37 2 41
17 2 33
10 33 56
40 79 88
52 79 8
54 84 33
84 18 41
78 53 78
4 84 60
13 62 100
8 61 41
80 94 17
99 60 89
28 74 83
51 66 33
97 83 99
76 70 22
88 27 3
46 71 15
74 32 14
7 78 53
66 16 67
73 94 6
74 9 58
92 4 28
85 55 91
40 32 40
78 100 69
0 71 40
19 57 99
43 24 79
12 25 45
94 73 33
25 85 66
75 18 61
36 61 83
16 79 40
84 70 75
9 70 2
50 82 26
93 92 92
45 94 28
94 30 67
66 96 69
17 79 13
30 57 67
92 33 47
8 58 1
79 100 64
35 97 48
63 18 95
52 36 12
11 10 80
14 12 58
69 26 21
12 55 55
95 44 79
44 71 96
55 47 53
13 69 20
35 16 42
100 18 7
58 18 38
35 64 17
50 91 58
30 5 25
29 90 66
32 14 83
48 100 27
10 32 14
67 60 99
8 2 87
61 11 30
61 63 52
75 79 54
7 55 85
54 69 77
62 17 79
72 73 82
19 71 93
68 85 59
53 3 4
34 67 6
8 31 78
80 5 56
32 27 27
97 48 53
28 13 37
62 24 38
85 12 5
99 61 22
54 18 72
28 95 98
89 74 71
53 48 15
95 29 87
90 47 68
96 97 9
4 95 82
27 69 53
4 92 13
47 53 21
72 40 83
13 55 55
28 88 81
93 28 75
96 33 27
24 66 29
21 57 20
90 63 36
2 86 38
88 98 52
61 38 36
6 53 79
10 22 75
75 53 41
31 10 68
66 68 37
25 23 43
2 64 93
9 3 8
59 19 85
85 74 65
17 37 79
59 89 41
50 45 96
88 45 37
45 54 78
18 57 73
88 55 34
57 38 52
31 11 98
93 73 82
6 90 7
81 3 94
27 6 1
49 86 5
60 81 24
7 55 65
34 29 37
65 91 93
70 93 6
87 78 17
6 12 13
51 16 83
15 100 82
7 83 47
64 16 62
5 77 17
32 15 55
38 96 19
69 82 83
0 53 42
98 85 64
1 52 5
78 31 43
66 96 69
63 74 95
2 42 20
64 15 25
57 87 8
21 6 39
83 41 63
22 15 99
2 76 15
37 73 10
91 22 82
28 2 36
60 24 94
63 93 100
81 38 43
28 14 70
7 21 17
21 89 97
72 69 8
11 92 53
52 60 75
39 43 22
83 81 21
7 68 97
33 17 14
19 87 86
17 78 67
3 53 40
93 68 55
66 15 25
72 15 93
55 37 9
100 31 11
44 19 7
81 53 85
61 87 41
5 5 86
68 23 60
10 33 33
39 5 87
29 81 85
35 43 32
95 11 94
77 46 25
22 20 89
10 33 21
100 84 72
49 97 30
21 81 30
54 28 35
0 2 42
23 89 93
10 87 38
34 72 75
82 45 77
84 79 48
68 45 5
96 2 72
41 32 82
53 100 79
14 19 22
48 59 23
67 54 42
66 92 12
46 26 68
16 58 27
42 8 52
70 44 46
100 60 84
85 73 70
36 93 63
78 12 41
100 63 3
80 66 44
41 97 37
20 46 23
53 85 73
41 98 74
30 15 68
28 9 52
65 18 82
24 84 57
91 2 11
49 73 97
61 58 61
4 42 74
75 55 81
29 35 24
90 48 65
58 90 100
58 20 9
12 59 63
38 13 25
17 36 76
32 46 61
79 6 30
64 25 83
12 100 82
57 71 100
55 68 37
2 36 39
34 78 66
84 30 23
61 11 97
86 25 64
87 63 13
16 46 80
100 17 30
31 86 25
53 97 9
84 69 3
12 65 66
3 83 27
44 35 57
12 72 83
16 39 79
26 54 1
25 76 48
73 66 59
52 58 41
47 88 70
6 36 66
99 70 86
16 93 89
43 72 63
25 65 34
20 73 91
40 76 92
76 21 60
4 57 29
97 10 91
67 45 84
75 28 25
76 84 67
83 98 82
84 74 99
39 94 64
81 69 83
17 75 28
27 81 7
65 81 74
72 21 28
96 44 13
22 41 17
8 78 93
67 56 15
84 71 12
17 46 54
74 92 31
34 92 25
52 20 71
87 12 14
76 87 22
23 36 86
88 17 98
14 46 40
24 24 77
20 56 69
37 62 67
79 7 62
62 44 84
92 31 9
69 25 52
34 27 91
55 71 46
34 54 33
25 93 2
94 24 53
64 82 82
42 25 39
58 91 89
35 8 16
13 66 1
17 32 44
55 32 37
18 13 17
13 94 70
99 35 58
73 9 85
2 67 55
26 57 61
61 71 58
34 74 94
48 77 79
79 48 76
10 86 69
72 36 27
82 47 30
77 91 2
58 85 42
25 54 15
31 57 62
44 27 57
87 37 36
56 87 92
68 13 87
81 40 43
84 98 25
45 24 72
67 7 97
60 29 94
98 87 25
38 55 3
97 44 64
10 38 38
57 98 14
46 83 61
66 90 100
40 31 94
10 55 4
10 67 92
98 28 93
28 37 95
27 97 67
87 37 94
87 20 40
30 64 56
11 60 98
97 16 13
16 66 92
54 93 10
83 39 80
12 83 57
26 20 90
37 33 85
31 47 82
91 41 56
6 54 76
20 41 6
46 60 37
80 80 99
13 15 75
63 73 6
33 29 79
100 39 9
55 84 13
2 1 3
89 80 24
57 76 70
33 70 76
0 39 48
84 90 42
55 94 47
6 26 84
36 64 15
32 74 85
41 85 26
67 10 77
49 42 78
14 33 90
21 17 22
100 54 94
50 27 13
11 69 57
99 8 47
95 88 7
75 93 5
57 26 71
61 9 64
73 91 41
98 69 74
18 89 10
65 42 19
70 70 72
67 1 56
1 97 39
78 28 94
38 6 39
55 77 36
16 10 4
20 46 39
87 70 20
19 77 96
71 76 48
70 87 37
84 58 8
49 18 95
37 26 33
35 55 45
6 27 73
48 52 2
12 9 17
79 74 13
8 3 76
51 37 95
36 98 30
2 47 93
13 9 61
13 62 69
2 98 62
15 14 85
71 35 27
53 28 74
64 96 55
15 70 53
17 8 18
34 29 29
50 66 61
4 25 17
83 62 4
56 44 57
26 2 42
90 98 72
5 85 97
51 65 58
34 16 89
93 61 47
89 86 90
88 17 100
94 30 5
94 54 91
47 39 84
22 89 58
17 73 94
97 61 94
23 3 100
6 10 20
22 14 70
54 72 3
88 40 84
83 89 31
29 94 95
76 5 76
84 1 80
43 54 4
66 20 11
38 86 11
67 68 52
12 39 71
79 37 2
77 61 9
0 89 69
